analisi Messaggi DSC:

TAO 
125 111 125 110 125 109 125 108 125 107 125 106 120 105 120 104 0 120 22 120 41 0 2 22 20 41 108 2 24 20 13 108 48 24 0 13 0 48 118 0 126 0 126 118 126 126 126 126 126 126 126 126 126 126 117 126 101 126

DSC DECODER
120 120 000 022 041 002 020 108 024 013 048 000 000 118 126 126 126 126 126 126 126 117 101 117 117

TIME: 2025-03-12 08:47:46 FREQ: 8414.5 DIST: -- Km
SYMB: 120 120 000 022 041 002 020 108 024 013 048 000 000 118 126 126 126 126 126 126 126 117 101 117 117 
 FMT: SEL
 CAT: SAF
  TO: COAST,002241022,ESP,Coruna Radio
FROM: SHIP,241348000,???
 TC1: TEST
 TC2: NOINF
FREQ: --
 POS: --
 EOS: REQ
cECC: 101 OK
 
RAW FEC: 125 109 125 108 125 107 125 125 106 120 105 120 104 000 120 022 120 041 000 002 022 020 041 108 002 024 020 013 108 048 024 000 013 000 048 118 000 126 000 126 118 126 126 126 126 126 126 126 126 126 126 117 126 101 126 117 117 117 101 013 ~~~ 047 ~~~ 

-----------------------------------------

p p p p p p p p p p p p p 125 111 125 110 125 109 125 108 125 107 e 106 120 105 120 104 0 120 23 e 71 e e 23 e 71 108 e 37 0 47 108 61 37 0 47 0 e 118 0 126 0 126 e 126 126 126 126 126 126 126 126 126 126 117 126 14 126 117  bytes 59 Errors: 8

TIME: 2025-03-12 08:50:18 FREQ: 8414.5 DIST: 618 Km
SYMB: 120 120 037 047 061 000 000 108 000 023 071 000 000 118 126 004 012 050 004 012 050 122 001 122 122 
 FMT: SEL
 CAT: SAF
  TO: SHIP,374761000,???
FROM: COAST,002371000,GRC,Olympia Radio
 TC1: TEST
 TC2: NOINF
FREQ: --
 POS: --
 EOS: ACK
cECC: 1 OK
 
RAW FEC: 125 111 125 110 125 109 125 125 108 125 107 125 106 120 105 120 104 037 120 047 120 061 037 000 047 000 061 108 000 000 000 023 108 071 000 000 023 000 071 118 000 126 000 004 118 012 126 050 004 004 012 012 050 050 004 122 012 001 050 122 122 122 001 015 ~~~ ~~~ ~~~ 


----------------------------------------------

p p p p p p p p p p p p p 125 111 125 110 125 109 125 108 125 107 125 106 120 105 120 104 37 120 47 120 61 37 0 47 0 61 108 0 0 0 23 108 71 0 0 23 0 71 118 0 126 0 4 118 12 126 50 4 4 12 12 50 50 4 122 12 1 50 122  bytes 59 Errors: 0

TIME: 2025-03-12 08:53:18 FREQ: 8414.5 DIST: 618 Km
SYMB: 120 120 037 047 061 000 000 108 000 023 071 000 000 118 126 004 012 050 004 012 050 122 001 122 122 
 FMT: SEL
 CAT: SAF
  TO: SHIP,374761000,???
FROM: COAST,002371000,GRC,Olympia Radio
 TC1: TEST
 TC2: NOINF
FREQ: --
 POS: --
 EOS: ACK
cECC: 1 OK
 
RAW FEC: 125 111 125 110 125 109 125 108 125 107 125 106 120 105 120 104 037 120 047 120 061 037 000 047 000 061 108 000 000 000 023 108 071 000 000 023 000 071 118 000 126 000 004 118 012 126 050 004 004 012 012 050 050 004 122 012 001 050 122 122 122 001 015 ~~~ ~~~ ~~~ 

------------------------------------------------

p p p p p p p p p p p p p 125 111 e 110 125 109 125 108 125 107 125 106 120 105 120 104 25 120 64 120 e e 0 64 0 94 108 0 0 0 23 108 71 0 0 23 0 71 e e e e e 118 12 126 50 e e e 12 50 50 4 122 12 49 50 e  bytes 59 Errors: 12

TIME: 2025-03-12 08:57:50 FREQ: 8414.5 DIST: 618 Km
SYMB: 120 120 025 064 094 000 000 108 000 023 071 000 000 118 126 004 012 050 004 012 050 122 049 122 122 
 FMT: SEL
 CAT: SAF
  TO: SHIP,256494000,???
FROM: COAST,002371000,GRC,Olympia Radio
 TC1: TEST
 TC2: NOINF
FREQ: --
 POS: --
 EOS: ACK
cECC: 49 OK
 
RAW FEC: 125 111 125 110 125 109 125 108 125 108 125 107 125 106 120 105 120 104 025 120 064 120 094 025 000 064 000 094 108 000 000 000 023 108 071 000 000 023 000 071 118 000 126 000 004 118 012 126 050 004 004 012 012 050 050 004 122 012 049 050 122 122 122 049 015 ~~~ ~~~ ~~~ 

---------------------------------------------------------
p p p p p p p p p p 125 111 125 110 125 109 125 108 125 107 125 106 120 105 120 104 0 120 22 120 41 0 2 22 20 41 108 2 24 20 13 108 48 24 0 13 0 48 118 0 126 0 126 118 126 126 126 126 126 126 126 126 126 126 117 126 101 126 e  bytes 59 Errors: 1


TIME: 2025-03-12 08:59:49 FREQ: 8414.5 DIST: -- Km
SYMB: 120 120 000 022 041 002 020 108 024 013 048 000 000 118 126 126 126 126 126 126 126 117 101 117 117 
 FMT: SEL
 CAT: SAF
  TO: COAST,002241022,ESP,Coruna Radio
FROM: SHIP,241348000,???
 TC1: TEST
 TC2: NOINF
FREQ: --
 POS: --
 EOS: REQ
cECC: 101 OK
 
RAW FEC: 125 106 120 105 120 104 000 120 022 120 041 000 002 022 020 041 108 002 024 020 013 108 048 024 000 013 000 048 118 000 126 000 126 118 126 126 126 126 126 126 126 126 126 126 117 126 101 126 117 117 117 101 ~~~ ~~~ ~~~ ~~~ 

----------------------------------------------------------

DSCMessage
p p p p p p p p p p p p p 125 111 125 110 125 109 125 108 125 107 125 106 120 105 120 104 37 120 47 120 61 37 0 47 0 61 108 0 e 0 e e e e e e e 71 e 0 126 0 4 118 12 126 50 4 4 12 12 50 50 4 122 12 1 50 e  bytes 59 Errors: 10

TIME: 2025-03-12 09:18:53 FREQ: 8414.5 DIST: 618 Km
SYMB: 120 120 037 047 061 000 000 108 000 023 071 000 000 118 126 004 012 050 004 012 050 122 001 122 122 
 FMT: SEL
 CAT: SAF
  TO: SHIP,374761000,???
FROM: COAST,002371000,GRC,Olympia Radio
 TC1: TEST
 TC2: NOINF
FREQ: --
 POS: --
 EOS: ACK
cECC: 1 OK
 
RAW FEC: 125 111 125 110 125 109 125 125 108 125 107 125 106 120 105 120 104 037 120 047 120 061 037 000 047 000 061 108 000 000 000 023 108 071 000 000 023 000 071 118 000 126 000 004 118 012 126 050 004 004 012 012 050 050 004 122 012 001 050 122 122 122 001 015 ~~~ ~~~ ~~~ 
------------------------------------------------------------

p p p p p p p p p p p p p 125 111 125 110 125 109 125 108 125 107 125 106 120 105 120 104 53 120 80 120 4 53 93 80 30 4 108 93 0 30 23 108 71 0 0 23 0 71 118 0 126 0 4 118 12 126 50 4 4 12 12 50 50 4 122 12 20 50 e  bytes 59 Errors: 1

TIME: 2025-03-12 09:26:22 FREQ: 8414.5 DIST: 618 Km
SYMB: 120 120 053 080 004 093 030 108 000 023 071 000 000 118 126 004 012 050 004 012 050 122 020 122 122 
 FMT: SEL
 CAT: SAF
  TO: SHIP,538004933,Navin Raven,V7ZW9,Cargo
FROM: COAST,002371000,GRC,Olympia Radio
 TC1: TEST
 TC2: NOINF
FREQ: --
 POS: --
 EOS: ACK
cECC: 20 OK
 
RAW FEC: 125 111 125 110 125 109 125 125 108 125 107 125 106 120 105 120 104 053 120 080 120 004 053 093 080 030 004 108 093 000 030 023 108 071 000 000 023 000 071 118 000 126 000 004 118 012 126 050 004 004 012 012 050 050 004 122 012 020 050 122 122 122 020 015 ~~~ ~~~ ~~~ 
------------------------------------------------------------

p p p p p p p p p p p p p p p p p p p p p p p p p p p p p p p p p 125 111 125 110 125 109 125 108 125 107 125 106 120 105 120 104 63 120 60 120 20 63 17 60 e e e e e e e e e e 0 23 0 71 118 0 126 0 4 118 12 126 50 4 4 12 12 50 50 4 122 12 12 e 122 122 122 12 15 e e  bytes 65 Errors: 13

TIME: 2025-03-12 09:30:04 FREQ: 8414.5 DIST: 618 Km
SYMB: 120 120 063 060 020 017 060 108 000 023 071 000 000 118 126 004 012 050 004 012 050 122 012 122 122 
 FMT: SEL
 CAT: SAF
  TO: SHIP,636020176,???
FROM: COAST,002371000,GRC,Olympia Radio
 TC1: TEST
 TC2: NOINF
FREQ: --
 POS: --
 EOS: ACK
cECC: 12 OK
 
RAW FEC: 125 111 125 110 125 109 125 108 125 107 125 106 120 105 120 104 063 120 060 120 020 063 017 060 060 020 108 017 000 060 023 108 071 000 000 023 000 071 118 000 126 000 004 118 012 126 050 004 004 012 012 050 050 004 122 012 012 050 122 122 122 012 015 020 016 ~~~ 
